ln +  0.1 -00002.30258 50929 94045 68401 79914 54684 36420 76011 01488 62877 29760 E+00000
ln +  0.2 -00001.60943 79124 34100 37460 07593 33226 18763 95256 01354 26851 77219 E+00000
ln +  0.3 -00001.20397 28043 25935 99262 27462 17761 83850 29536 10930 80602 35242 E+00000
ln +  0.4 -91629.07318 74155 06518 35272 11768 01107 14501 01219 90826 24677 91967 E-00005
ln +  0.5 -69314.71805 59945 30941 72321 21458 17656 80755 00134 36025 52541 20680 E-00005
ln +  0.6 -51082.56237 65990 68320 55140 96303 66193 48781 10796 44576 82701 77953 E-00005
ln +  0.7 -35667.49439 38732 37891 26387 11241 18447 79640 16759 04691 17875 73937 E-00005
ln +  0.8 -22314.35513 14209 75576 62950 90309 83450 33746 01085 54800 72136 71287 E-00005
ln +  0.9 -10536.05156 57826 30122 75009 80839 31279 83061 20372 98327 40725 63939 E-00005
ln +  1.0 +00000.00000 00000 00000 00000 00000 00000 00000 00000 00000 00000 00000 E+00000
ln +  1.1 +09531.01798 04324 86004 39521 23280 76509 22206 05365 30864 41991 85239 E-00005
ln +  1.2 +18232.15567 93954 62621 17180 25154 51463 31973 89337 91448 69839 42726 E-00005
ln +  1.3 +26236.42644 67491 05203 54959 86880 95439 72041 66456 13143 41403 85717 E-00005
ln +  1.4 +33647.22366 21212 93050 45934 10216 99209 01114 83375 31334 34665 46742 E-00005
ln +  1.5 +40546.51081 08164 38197 80131 15464 34913 65719 90423 46249 41976 14014 E-00005
ln +  1.6 +47000.36292 45735 55365 09370 31148 34206 47008 99048 81224 80404 49392 E-00005
ln +  1.7 +53062.82510 62170 39623 15431 63188 76232 79871 01523 95697 18112 63909 E-00005
ln +  1.8 +58778.66649 02119 00818 97311 40618 86376 97693 79761 37698 11815 56740 E-00005
ln +  1.9 +64185.38861 72394 77599 10359 77203 48932 96362 77772 67035 58425 04632 E-00005
ln +  2.0 +69314.71805 59945 30941 72321 21458 17656 80755 00134 36025 52541 20680 E-00005
ln +  2.1 +74193.73447 29377 31248 26065 25681 34122 66834 73798 77583 76641 60756 E-00005
ln +  2.2 +78845.73603 64270 16946 11842 44738 94166 02961 05499 66889 94533 05919 E-00005
ln +  2.3 +83290.91229 35104 00678 87613 77125 83191 08412 78826 21166 27659 65307 E-00005
ln +  2.4 +87546.87373 53899 93562 89501 46612 69120 12728 89472 27474 22380 63406 E-00005
ln +  2.5 +91629.07318 74155 06518 35272 11768 01107 14501 01219 90826 24677 91967 E-00005
ln +  2.6 +95551.14450 27436 36145 27281 08339 13096 52796 66590 49168 93945 06397 E-00005
ln +  2.7 +99325.17730 10283 39016 77442 56083 21290 63413 70184 83947 53791 70755 E-00005
ln +  2.8 +00001.02961 94171 81158 23992 18255 31675 16865 81869 83509 67359 87206 E+00000
ln +  2.9 +00001.06471 07369 92428 34316 52805 77677 54739 78934 11425 29397 11028 E+00000
ln +  3.0 +00001.09861 22886 68109 69139 52452 36922 52570 46474 90557 82274 94517 E+00000
ln +  3.1 +00001.13140 21114 91100 56191 11728 69857 99300 28488 37441 85181 89957 E+00000
ln +  3.2 +00001.16315 08098 05680 86306 81691 52606 51863 27763 99183 17250 32945 E+00000
ln +  3.3 +00001.19392 24684 72434 55143 91973 60203 29079 68680 95923 13139 36509 E+00000
ln +  3.4 +00001.22377 54316 22115 70564 87752 84646 93889 60626 01658 31722 70653 E+00000
ln +  3.5 +00001.25276 29684 95367 99568 81206 21985 00316 15615 84595 22160 59343 E+00000
ln +  3.6 +00001.28093 38454 62064 31760 69632 62077 04033 78448 79895 73723 64356 E+00000
ln +  3.7 +00001.30833 28196 50178 76035 01042 16347 08295 62989 76098 53886 31876 E+00000
ln +  3.8 +00001.33500 10667 32340 08540 82680 98661 66589 77117 77907 03061 10966 E+00000
ln +  3.9 +00001.36097 65531 35600 74343 07412 23803 48010 18516 57013 95418 35921 E+00000
ln +  4.0 +00001.38629 43611 19890 61883 44642 42916 35313 61510 00268 72051 05082 E+00000
ln +  4.1 +00001.41098 69737 10262 11984 87719 18353 04338 07753 08980 77052 86575 E+00000
ln +  4.2 +00001.43508 45252 89322 62189 98386 47139 51779 47589 73933 13609 29182 E+00000
ln +  4.3 +00001.45861 50226 99516 73945 48510 58661 48282 79580 34696 25278 24391 E+00000
ln +  4.4 +00001.48160 45409 24215 47887 84163 66197 11822 83716 05634 02915 47074 E+00000
ln +  4.5 +00001.50407 73967 76274 07337 32583 52386 87484 12194 80981 28524 36493 E+00000
ln +  4.6 +00001.52605 63034 95049 31620 59934 98584 00847 89167 78960 57191 80200 E+00000
ln +  4.7 +00001.54756 25087 16012 90280 29592 15087 80950 12949 49013 39145 10571 E+00000
ln +  4.8 +00001.56861 59179 13845 24504 61822 68070 86776 93483 89606 63499 74921 E+00000
ln +  4.9 +00001.58923 52051 16580 92619 27140 32201 99525 16730 67970 53494 94008 E+00000
ln +  5.0 +00001.60943 79124 34100 37460 07593 33226 18763 95256 01354 26851 77219 E+00000
ln +  5.1 +00001.62924 05397 30280 08762 67884 00111 28803 26345 92081 77972 12629 E+00000
ln +  5.2 +00001.64865 86255 87381 67086 99602 29797 30753 33551 66724 85194 46486 E+00000
ln +  5.3 +00001.66770 68205 58076 15012 64776 84344 69356 27588 76264 28244 46270 E+00000
ln +  5.4 +00001.68639 89535 70228 69958 49763 77541 38947 44168 70319 19973 06332 E+00000
ln +  5.5 +00001.70474 80922 38425 23464 47114 56506 95273 17462 06719 57716 19210 E+00000
ln +  5.6 +00001.72276 65977 41103 54933 90576 53133 34522 62624 83644 03385 39747 E+00000
ln +  5.7 +00001.74046 61748 40504 46738 62812 14126 01503 42837 68330 49310 52942 E+00000
ln +  5.8 +00001.75785 79175 52373 65258 25126 99135 72396 59689 11559 65422 63570 E+00000
ln +  5.9 +00001.77495 23509 11673 76659 80589 19035 33341 64622 45300 70168 15534 E+00000
ln +  6.0 +00001.79175 94692 28055 00081 24773 58380 70227 27229 90692 18300 47058 E+00000
ln +  6.1 +00001.80828 87711 79265 56473 33976 48741 25053 87145 80254 45248 80869 E+00000
ln +  6.2 +00001.82454 92920 51045 87132 84049 91316 16957 09243 37576 21207 42498 E+00000
ln +  6.3 +00001.84054 96333 97487 00387 78517 62603 86693 13309 64356 59858 71158 E+00000
ln +  6.4 +00001.85629 79903 65626 17248 54012 74064 69520 08518 99317 53275 85486 E+00000
ln +  6.5 +00001.87180 21769 01591 42663 62553 20107 14203 67297 67810 39995 18622 E+00000
ln +  6.6 +00001.88706 96490 32379 86085 64294 81661 46736 49435 96057 49164 89050 E+00000
ln +  6.7 +00001.90210 75263 96920 37565 20805 41679 35854 29658 31414 59312 23611 E+00000
ln +  6.8 +00001.91692 26121 82061 01506 60074 06105 11546 41381 01792 67748 23195 E+00000
ln +  6.9 +00001.93152 14116 03213 69818 40066 14048 35761 54887 69384 03441 22177 E+00000
ln +  7.0 +00001.94591 01490 55313 30510 53527 43443 17972 96370 84729 58186 11884 E+00000
ln +  7.1 +00001.96009 47840 47269 73731 14630 77828 66988 91584 75038 08179 31320 E+00000
ln +  7.2 +00001.97408 10260 22009 62702 41953 83535 21690 59203 80030 09749 16897 E+00000
ln +  7.3 +00001.98787 43481 54345 44507 41174 02754 17836 33036 51356 24282 46885 E+00000
ln +  7.4 +00002.00148 00002 10124 06976 73363 37805 25952 43744 76232 89911 84417 E+00000
ln +  7.5 +00002.01490 30205 42264 75657 87724 48690 53677 60975 91777 73101 19195 E+00000
ln +  7.6 +00002.02814 82472 92285 39482 55002 20119 84246 57872 78041 39086 63507 E+00000
ln +  7.7 +00002.04122 03288 59638 16514 93048 66723 94482 18576 90094 89050 53876 E+00000
ln +  7.8 +00002.05412 37336 95546 05284 79733 45261 65666 99271 57148 31443 88462 E+00000
ln +  7.9 +00002.06686 27594 72975 81015 49540 86797 04671 45724 39735 79383 66493 E+00000
ln +  8.0 +00002.07944 15416 79835 92825 16963 64374 52970 42265 00403 08076 57623 E+00000
ln +  8.1 +00002.09186 40616 78393 08156 29894 93005 73861 09888 60742 66222 48309 E+00000
ln +  8.2 +00002.10413 41542 70207 42926 60040 39811 21994 88508 09115 13078 39117 E+00000
ln +  8.3 +00002.11625 55148 02552 23945 74807 68607 00624 54282 11568 03446 33941 E+00000
ln +  8.4 +00002.12823 17058 49267 93131 70707 68597 69436 28344 74067 49634 81724 E+00000
ln +  8.5 +00002.14006 61634 96270 77083 23024 96414 94996 75127 02878 22548 95331 E+00000
ln +  8.6 +00002.15176 22032 59462 04887 20831 80119 65939 60335 34830 61303 76932 E+00000
ln +  8.7 +00002.16332 30256 60538 03456 05258 14600 07310 25409 01983 11672 05546 E+00000
ln +  8.8 +00002.17475 17214 84160 78829 56484 87655 29479 64471 05768 38940 99615 E+00000
ln +  8.9 +00002.18605 12767 38094 15429 98240 85985 48501 18035 58898 50418 63880 E+00000
ln +  9.0 +00002.19722 45773 36219 38279 04904 73845 05140 92949 81115 64549 89034 E+00000
ln +  9.1 +00002.20827 44135 22804 35714 08487 30324 13412 68412 51185 71329 53288 E+00000
ln +  9.2 +00002.21920 34840 54994 62562 32256 20042 18504 69922 79094 93217 32742 E+00000
ln +  9.3 +00002.23001 44001 59210 25330 64181 06780 51870 74963 27999 67456 84474 E+00000
ln +  9.4 +00002.24070 96892 75958 21222 01913 36545 98606 93704 49147 75170 63112 E+00000
ln +  9.5 +00002.25129 17986 06495 15059 17953 10429 67696 91618 79126 93887 35644 E+00000
ln +  9.6 +00002.26176 30984 73790 55446 34143 89529 04433 74238 89740 99525 27463 E+00000
ln +  9.7 +00002.27212 58855 09337 13809 87301 67019 59750 62078 13414 03000 83799 E+00000
ln +  9.8 +00002.28238 23856 76526 23560 99461 53660 17181 97485 68104 89520 46550 E+00000
ln +  9.9 +00002.29253 47571 40544 24283 44425 97125 81650 15155 86480 95414 31026 E+00000
ln + 10.0 +00002.30258 50929 94045 68401 79914 54684 36420 76011 01488 62877 29760 E+00000
