 2R 100 +00010.00000 00000 00000 00000 00000 00000 00000 00000 00000 00000 00000 00000 00000 00000 00000 E+00000
 3R 100 +00004.64158 88336 12778 89241 00763 50919 44657 65513 49125 01124 36376 50692 85868 47778 69692 E+00000
 4R 100 +00003.16227 76601 68379 33199 88935 44432 71853 37195 55139 32521 68268 57504 85279 25944 38639 E+00000
 5R 100 +00002.51188 64315 09580 11108 50320 67799 32739 41585 18100 78247 54286 79888 42090 82432 47723 E+00000
 6R 100 +00002.15443 46900 31883 72175 92935 66519 35049 52593 44942 19210 85824 89235 50634 64111 06648 E+00000
 7R 100 +00001.93069 77288 83250 16700 70747 99840 18903 52243 82796 54140 66462 14016 03427 84007 42898 E+00000
 8R 100 +00001.77827 94100 38922 80122 54211 95192 68484 47357 90526 40225 53580 11830 72277 63018 81539 E+00000
 9R 100 +00001.66810 05372 00058 75359 97911 49088 65584 74791 92684 15239 47070 44999 51896 72759 81100 E+00000
10R 100 +00001.58489 31924 61113 48520 21013 73391 50701 32694 42133 82503 90683 16296 81231 66568 63668 E+00000
11R 100 +00001.51991 10829 52933 71710 40338 92257 22859 73755 97437 38889 72294 49788 96187 06379 11454 E+00000
12R 100 +00001.46779 92676 22069 54092 05171 14816 86125 47956 42657 00517 39959 48382 35785 73724 07010 E+00000
13R 100 +00001.42510 26703 02998 10641 02268 56276 93829 41624 38453 89340 98607 27536 74147 08287 05825 E+00000
14R 100 +00001.38949 54943 73137 63712 99852 17353 01162 21130 46714 49100 02049 45628 67903 16002 42410 E+00000
15R 100 +00001.35935 63908 78525 62289 85975 80295 30995 56450 99729 58810 79013 36888 88580 86045 35465 E+00000
16R 100 +00001.33352 14321 63324 02567 59317 15295 33109 24156 67964 76437 09933 29549 98716 27589 43180 E+00000
17R 100 +00001.31113 39374 21564 26368 81308 19261 46856 97568 52664 35593 52201 22391 56119 73474 23487 E+00000
18R 100 +00001.29154 96650 14883 87541 00755 46472 08754 29759 55263 16078 25103 05498 72363 54522 67544 E+00000
19R 100 +00001.27427 49857 03133 78213 22802 40916 47534 87833 73023 96296 30943 37967 11215 29953 99244 E+00000
20R 100 +00001.25892 54117 94167 21042 39541 06395 80060 60936 17409 46693 10691 07923 01952 66476 15782 E+00000
21R 100 +00001.24519 70847 35032 84999 26017 24596 56461 87455 52417 26760 61845 89374 05642 06287 86527 E+00000
22R 100 +00001.23284 67394 42066 13905 34007 89730 94802 27699 75348 32015 89305 30920 21971 32398 97247 E+00000
23R 100 +00001.22167 73489 96791 98594 09782 01604 86044 68768 97696 48279 94175 79176 16129 94792 70758 E+00000
24R 100 +00001.21152 76586 28588 44635 86029 33322 93822 77503 20116 81330 62625 82034 41539 65358 26040 E+00000
25R 100 +00001.20226 44346 17412 90583 26127 15193 52044 86942 66435 48811 89151 10489 27456 83155 05236 E+00000
26R 100 +00001.19377 66417 14436 50609 16815 74057 72564 92344 40596 06977 89358 56616 95106 21798 45967 E+00000
27R 100 +00001.18597 10123 37669 71723 85534 84129 52413 73292 15690 77109 07561 77076 83521 52906 86138 E+00000
28R 100 +00001.17876 86347 93587 31923 13854 79887 20689 68629 65555 81270 51783 68154 51730 48514 96716 E+00000
29R 100 +00001.17210 22975 33480 17909 65447 25312 22655 54735 47982 79910 93099 67731 62072 44668 63544 E+00000
30R 100 +00001.16591 44011 79831 73614 91523 96895 76987 68051 32058 78293 65760 07643 63789 97287 94968 E+00000
31R 100 +00001.16015 53017 39971 63849 63336 04960 85248 36526 69701 23813 17122 59442 47189 21981 51356 E+00000
32R 100 +00001.15478 19846 89458 17966 64828 87295 50828 15669 48041 47961 11299 77426 84871 79292 06980 E+00000
33R 100 +00001.14975 69953 97735 79078 09177 98852 04232 88498 62103 80422 69964 00869 17462 00087 88839 E+00000
34R 100 +00001.14504 75699 38281 76225 21663 78725 54519 93356 16882 87810 00840 51989 25725 28787 22538 E+00000
35R 100 +00001.14062 49238 51320 81346 97630 09594 47775 41340 78222 02294 32889 63628 09146 66974 74668 E+00000
36R 100 +00001.13646 36663 85724 74663 75629 67324 76240 87740 82253 23209 07276 42222 27382 66632 93911 E+00000
37R 100 +00001.13254 13151 52811 77938 61236 69698 60289 15824 48892 06712 71602 11549 70965 29655 93827 E+00000
38R 100 +00001.12883 78916 84689 05632 41560 86051 51435 49375 07848 82782 78120 73136 05461 26234 26143 E+00000
39R 100 +00001.12533 55826 00765 02603 86524 55855 76758 62361 52895 71179 75901 32229 20564 01890 89478 E+00000
40R 100 +00001.12201 84543 01963 43559 10389 46477 90573 67223 08507 36055 29624 45074 44817 01033 02686 E+00000
41R 100 +00001.11887 22115 87422 06943 13360 44679 47975 35243 23978 51237 47091 31684 14632 21421 43542 E+00000
42R 100 +00001.11588 39925 07748 47289 62727 21541 14189 68660 38678 39651 53643 39336 99336 81392 77027 E+00000
43R 100 +00001.11304 21932 67522 57795 96510 62270 04361 44414 64259 85954 76914 43033 93432 63623 62070 E+00000
44R 100 +00001.11033 63181 67637 95301 94284 37014 52442 58088 78779 79558 71114 75079 81736 51386 48430 E+00000
45R 100 +00001.10775 68505 09709 10663 94654 50379 03789 72193 96317 48187 63957 66621 15282 65238 17518 E+00000
46R 100 +00001.10529 51411 26021 59124 35178 07224 89947 27151 20947 64285 89730 80272 33763 98313 43965 E+00000
47R 100 +00001.10294 33117 91612 90392 07710 31307 76970 05492 50802 80645 43365 46173 38876 36595 91364 E+00000
48R 100 +00001.10069 41712 52209 56916 24196 24799 59608 12570 90760 15329 64866 49191 90499 86868 02282 E+00000
49R 100 +00001.09854 11419 87558 25982 66563 20563 31840 78302 93553 66903 12621 31825 88622 33288 27761 E+00000
50R 100 +00001.09647 81961 43185 01314 37136 06141 12704 64271 15876 24830 23169 08084 16078 85740 98471 E+00000
51R 100 +00001.09449 97993 19543 58457 41512 62807 30833 55733 00668 28917 68631 34541 67010 42381 53163 E+00000
52R 100 +00001.09260 08611 17378 26421 03848 37482 14927 46375 50002 13923 44832 62489 11202 40766 38317 E+00000
53R 100 +00001.09077 66915 10955 33016 41675 44057 95269 07514 79319 58747 74517 03061 40056 46709 65973 E+00000
54R 100 +00001.08902 29622 63730 10175 74870 55427 44545 93581 30353 77206 61485 40400 12328 64294 31446 E+00000
55R 100 +00001.08733 56727 19656 19012 95602 34097 87981 14197 37737 02004 43703 32583 45260 50329 48347 E+00000
56R 100 +00001.08571 11194 02204 20643 47768 99532 41524 52319 04506 95941 44970 25759 48526 66127 40428 E+00000
57R 100 +00001.08414 58689 35834 71538 76813 44133 55020 83550 25561 57873 51729 20624 57491 14553 64939 E+00000
58R 100 +00001.08263 67338 74054 44118 27995 67526 24360 05031 37138 04874 83959 15887 13063 56671 45955 E+00000
59R 100 +00001.08118 07510 76607 97956 64957 39772 87892 68009 24040 42142 59814 11593 29178 35996 58729 E+00000
60R 100 +00001.07977 51623 27709 65518 91970 53780 51076 58729 79617 58805 08188 23586 26544 53063 36471 E+00000
61R 100 +00001.07841 73969 29039 46663 27347 00398 03993 38889 16555 84442 83324 75480 94113 25858 01891 E+00000
62R 100 +00001.07710 50560 36769 16288 42292 02625 54477 56796 48028 72111 28434 70448 50165 22475 93235 E+00000
63R 100 +00001.07583 58985 42178 80940 28863 78138 03074 41278 40164 56950 17668 75156 73204 37325 28467 E+00000
64R 100 +00001.07460 78283 21317 49721 59415 31964 34359 46671 98228 37527 76357 37525 38545 62776 80089 E+00000
65R 100 +00001.07341 88827 01353 02733 30836 73150 56260 00321 93393 95742 05495 87443 73260 27297 93103 E+00000
66R 100 +00001.07226 72220 10323 22275 94900 91884 90342 31797 02676 37296 10297 55091 61520 69714 92836 E+00000
67R 100 +00001.07115 11200 93426 77251 26844 51395 43517 41849 03964 78669 64614 97956 88006 04329 16753 E+00000
68R 100 +00001.07006 89556 93174 83225 72702 94628 18608 20616 28495 04610 25758 00816 01143 51542 69104 E+00000
69R 100 +00001.06901 92046 03000 83189 85547 82357 51065 17235 42632 85286 03654 91653 51098 86526 70384 E+00000
70R 100 +00001.06800 04325 14575 72313 27481 49841 98764 57281 94749 27944 83884 44828 78856 20876 46917 E+00000
71R 100 +00001.06701 12884 88335 12989 44645 90425 23684 48248 58854 77381 90137 41116 00498 12827 05357 E+00000
72R 100 +00001.06605 04989 84792 34595 68361 84822 82885 36447 42022 35063 79544 55822 47077 86701 51990 E+00000
73R 100 +00001.06511 68624 01254 84403 66988 37260 75461 08673 71862 24637 62911 97218 32155 38749 82251 E+00000
74R 100 +00001.06420 92440 64724 22794 60666 12072 85496 07362 54442 62471 49217 18702 09921 52002 67894 E+00000
75R 100 +00001.06332 65716 37161 22542 32418 31098 65429 82433 83283 01476 75557 00061 45975 33837 63234 E+00000
76R 100 +00001.06246 78308 94041 26030 09572 11537 87330 46571 95612 03985 32562 59391 59348 72907 40563 E+00000
77R 100 +00001.06163 20618 41300 13616 69542 92632 14824 71668 52715 88542 40384 15730 82944 54210 08898 E+00000
78R 100 +00001.06081 83551 39448 47373 00791 60927 65900 92477 09844 67099 97469 93820 30081 67827 96099 E+00000
79R 100 +00001.06002 58488 06882 10361 84322 79824 45476 14349 94061 82592 67672 18137 16015 81250 08241 E+00000
80R 100 +00001.05925 37251 77288 87880 92803 73278 10861 99794 00906 23275 61785 95672 77364 84956 42681 E+00000
81R 100 +00001.05850 12080 88597 89033 24839 97504 61630 99103 23755 63565 12843 91324 47108 71966 91870 E+00000
82R 100 +00001.05776 75602 83175 85640 04115 79568 28116 08303 02968 03884 74602 74367 36761 55386 33559 E+00000
83R 100 +00001.05705 20810 00982 94493 98513 34883 56978 16553 60167 93455 80873 15332 38334 13715 98208 E+00000
84R 100 +00001.05635 41037 49187 16121 79421 42554 13511 92791 08031 84962 20127 51632 61850 61655 52905 E+00000
85R 100 +00001.05567 29942 33329 29509 13972 74890 18006 54708 81344 85169 87513 08030 62187 47076 77845 E+00000
86R 100 +00001.05500 81484 36552 39796 73913 69426 16483 09968 35417 44635 90824 82008 29065 30683 10518 E+00000
87R 100 +00001.05435 89908 34680 97453 61535 91777 64038 71461 79659 87074 75109 19170 04969 97099 01015 E+00000
88R 100 +00001.05372 49727 36073 07869 59203 14505 76361 84798 52608 47743 32281 07128 02398 69157 60742 E+00000
89R 100 +00001.05310 55707 36188 62577 50479 74635 37227 26722 02211 44521 46234 38794 80183 12507 81955 E+00000
90R 100 +00001.05250 02852 77732 88515 65726 15503 68318 60635 61975 55488 66486 39530 39304 86429 58504 E+00000
91R 100 +00001.05190 86393 08057 05057 89182 09312 51343 94070 33454 47775 44702 27163 86975 70222 89780 E+00000
92R 100 +00001.05133 01770 26238 31382 84203 16575 93178 73670 64207 13724 02815 85920 43728 29711 67286 E+00000
93R 100 +00001.05076 44627 12929 05736 17042 60593 74295 31990 54810 35848 60052 94397 40710 66007 31532 E+00000
94R 100 +00001.05021 10796 36666 61362 43582 01235 40226 36438 00166 75832 68213 51833 86091 44115 81144 E+00000
95R 100 +00001.04966 96290 30878 54953 99028 91239 92785 17274 63220 28947 40281 53275 49354 80365 10334 E+00000
96R 100 +00001.04913 97291 36309 83568 62621 74470 93755 43285 64354 36354 38215 60650 27826 64376 61956 E+00000
97R 100 +00001.04862 10143 04043 04289 80005 93768 56937 85338 25838 95768 74369 78558 48072 67876 38312 E+00000
98R 100 +00001.04811 31341 54685 73634 09056 58155 78751 56048 24057 51653 96305 88083 05122 32768 52867 E+00000
99R 100 +00001.04761 57527 89664 81847 73488 15480 07272 43388 02904 38059 91186 68528 91497 38254 78911 E+00000
